ETN 500 0 ALLOUT 0 0 0 0 0 0 0 0 0 0 0 0 0 0 0 0 0
WGM 0 500 0 ALLOUT 0 0 0 0 0 0 0 0 0 0 0 0 0 0 0 0
DOE 0 0 500 0 ALLOUT 0 0 0 0 0 0 0 0 0 0 0 0 0 0 0
GPH 0 0 0 500 0 ALLOUT 0 0 0 0 0 0 0 0 0 0 0 0 0 0
MCU 0 0 0 0 500 0 ALLOUT 0 0 0 0 0 0 0 0 0 0 0 0 0
WBT 0 0 0 0 0 500 0 ALLOUT 0 0 0 0 0 0 0 0 0 0 0 0
MXM 0 0 0 0 0 0 500 0 ALLOUT 0 0 0 0 0 0 0 0 0 0 0
POU 0 0 0 0 0 0 0 500 0 ALLOUT 0 0 0 0 0 0 0 0 0 0
WOJ 0 0 0 0 0 0 0 0 500 0 ALLOUT 0 0 0 0 0 0 0 0 0
OGM 0 0 0 0 0 0 0 0 0 500 0 ALLOUT 0 0 0 0 0 0 0 0
AUU 0 0 0 0 0 0 0 0 0 0 500 0 ALLOUT 0 0 0 0 0 0 0
DVL 0 0 0 0 0 0 0 0 0 0 0 500 0 ALLOUT 0 0 0 0 0 0
QEI 0 0 0 0 0 0 0 0 0 0 0 0 500 0 ALLOUT 0 0 0 0 0
TZJ 0 0 0 0 0 0 0 0 0 0 0 0 0 500 0 ALLOUT 0 0 0 0
FFX 0 0 0 0 0 0 0 0 0 0 0 0 0 0 500 0 ALLOUT 0 0 0
LOV 0 0 0 0 0 0 0 0 0 0 0 0 0 0 0 500 0 ALLOUT 0 0
HOA 0 0 0 0 0 0 0 0 0 0 0 0 0 0 0 0 500 0 ALLOUT 0
