1000 10 20 10000
ULK 880 955 883 938 901 954 1054 1143 1198 1149
TGQ 68 84 96 105 110 113 113 112 111 109
QPL 828 725 636 561 500 450 412 386 370 364
LNA 63 79 91 100 105 108 108 107 106 104
JPQ 1323 1425 1514 1589 1651 1700 1738 1764 1780 1786
YQO 1192 1175 1163 1154 1149 1147 1146 1147 1148 1150
TKA 792 735 680 672 766 763 666 655 582 638
XEH 674 776 865 940 1002 1051 1089 1115 1131 1137
HJU 90 106 118 127 132 135 135 134 133 131
NXU 1187 1170 1158 1149 1144 1142 1141 1142 1143 1145
CCV 635 737 826 901 963 1012 1050 1076 1092 1098
VFD 1040 1142 1231 1306 1368 1417 1455 1481 1497 1503
NUZ 935 1037 1126 1201 1263 1312 1350 1376 1392 1398
ALF 59 75 87 96 101 104 104 103 102 100
LOV 242 268 318 276 200 251 341 288 190 257
GLQ 504 606 695 770 832 881 919 945 961 967
KHA 1408 1510 1599 1674 1736 1785 1823 1849 1865 1871
OTQ 896 998 1087 1162 1224 1273 1311 1337 1353 1359
LSR 1406 1389 1377 1368 1363 1361 1360 1361 1362 1364
PSG 460 504 552 471 400 381 312 226 144 53
IYE 14 30 42 51 56 59 59 58 57 55
AJO 677 779 868 943 1005 1054 1092 1118 1134 1140
OOI 1423 1406 1394 1385 1380 1378 1377 1378 1379 1381
SNS 1031 1014 1002 993 988 986 985 986 987 989
NRC 1183 1166 1154 1145 1140 1138 1137 1138 1139 1141
IAC 1114 1097 1085 1076 1071 1069 1068 1069 1070 1072
IMH 526 598 691 672 704 672 685 772 860 889
FFX 318 310 407 332 314 265 268 181 176 250
NGK 898 801 821 846 808 854 810 822 867 948
KQF 1071 1173 1262 1337 1399 1448 1486 1512 1528 1534
UUU 1242 1225 1213 1204 1199 1197 1196 1197 1198 1200
AZA 1499 1482 1470 1461 1456 1454 1453 1454 1455 1457
DCE 744 672 664 720 719 816 873 911 895 963
IYH 1163 1146 1134 1125 1120 1118 1117 1118 1119 1121
XVC 828 930 1019 1094 1156 1205 1243 1269 1285 1291
ZRG 65 81 93 102 107 110 110 109 108 106
JTY 459 438 366 336 351 329 240 270 360 326
KAJ 67 83 95 104 109 112 112 111 110 108
MSC 820 717 628 553 492 442 404 378 362 356
TZJ 668 604 504 488 399 367 289 252 203 241
ASP 1344 1241 1152 1077 1016 966 928 902 886 880
QQB 1061 958 869 794 733 683 645 619 603 597
JEH 28 44 56 65 70 73 73 72 71 69
JDA 1373 1475 1564 1639 1701 1750 1788 1814 1830 1836
KBB 14 30 42 51 56 59 59 58 57 55
LCL 464 540 534 475 442 451 423 408 359 451
HBK 1004 924 849 909 833 885 864 822 885 880
KPR 397 326 411 479 495 478 561 556 595 592
NWM 70 86 98 107 112 115 115 114 113 111
RKT 512 409 320 245 184 134 96 70 54 48
GLI 548 445 356 281 220 170 132 106 90 84
QOP 1255 1357 1446 1521 1583 1632 1670 1696 1712 1718
WLS 678 780 869 944 1006 1055 1093 1119 1135 1141
RGK 895 792 703 628 567 517 479 453 437 431
WMA 548 650 739 814 876 925 963 989 1005 1011
YIG 1438 1335 1246 1171 1110 1060 1022 996 980 974
EBP 1144 1127 1115 1106 1101 1099 1098 1099 1100 1102
CVX 1477 1374 1285 1210 1149 1099 1061 1035 1019 1013
EQD 923 826 753 664 752 659 728 774 791 858
URY 853 750 661 586 525 475 437 411 395 389
QNK 713 778 821 771 849 843 761 809 907 991
WFD 1394 1496 1585 1660 1722 1771 1809 1835 1851 1857
DOE 120 89 19 52 1 1 1 1 1 61
NVC 1365 1348 1336 1327 1322 1320 1319 1320 1321 1323
FCH 1321 1304 1292 1283 1278 1276 1275 1276 1277 1279
KOX 4 20 32 41 46 49 49 48 47 45
BQO 1461 1563 1652 1727 1789 1838 1876 1902 1918 1924
GRZ 702 755 798 698 745 680 611 524 597 684
OKE 812 879 974 964 1033 1061 968 945 1011 1076
DVL 143 181 84 143 215 222 212 160 190 217
CDH 1356 1339 1327 1318 1313 1311 1310 1311 1312 1314
WBT 68 79 116 173 78 175 184 123 68 104
QTC 922 823 741 711 801 726 774 677 776 795
FDV 802 904 993 1068 1130 1179 1217 1243 1259 1265
GVY 1264 1161 1072 997 936 886 848 822 806 800
KJL 1053 1155 1244 1319 1381 1430 1468 1494 1510 1516
DEY 808 910 999 1074 1136 1185 1223 1249 1265 1271
EUE 1075 972 883 808 747 697 659 633 617 611
MWE 12 28 40 49 54 57 57 56 55 53
IUA 1260 1362 1451 1526 1588 1637 1675 1701 1717 1723
VXY 18 34 46 55 60 63 63 62 61 59
OWY 1438 1335 1246 1171 1110 1060 1022 996 980 974
ZVY 1414 1397 1385 1376 1371 1369 1368 1369 1370 1372
XSX 397 311 276 366 438 487 556 515 519 455
MEY 1211 1194 1182 1173 1168 1166 1165 1166 1167 1169
ZYK 827 929 1018 1093 1155 1204 1242 1268 1284 1290
DST 83 41 93 177 139 227 293 284 358 348
QDD 1353 1336 1324 1315 1310 1308 1307 1308 1309 1311
YKX 85 101 113 122 127 130 130 129 128 126
NYI 198 146 86 141 186 237 272 192 278 248
OPJ 72 88 100 109 114 117 117 116 115 113
MCD 597 699 788 863 925 974 1012 1038 1054 1060
CQT 606 651 690 710 649 722 766 819 813 795
MHD 866 934 902 988 1076 1110 1154 1072 1015 1080
BTJ 1147 1130 1118 1109 1104 1102 1101 1102 1103 1105
CIQ 928 835 905 885 895 868 951 1037 1134 1178
WEP 699 655 602 649 630 624 707 715 761 680
UQM 794 896 985 1060 1122 1171 1209 1235 1251 1257
SXU 76 92 104 113 118 121 121 120 119 117
GBC 2 18 30 39 44 47 47 46 45 43
XFO 823 773 821 828 898 892 978 1024 1099 1136
CNN 877 923 989 1086 1024 970 910 826 796 796
UCV 840 737 648 573 512 462 424 398 382 376
WQG 215 181 249 296 307 383 452 539 581 631
LDO 849 746 657 582 521 471 433 407 391 385
VEN 1249 1232 1220 1211 1206 1204 1203 1204 1205 1207
DMM 1219 1321 1410 1485 1547 1596 1634 1660 1676 1682
NPS 1008 991 979 970 965 963 962 963 964 966
QJJ 1458 1441 1429 1420 1415 1413 1412 1413 1414 1416
KTW 816 918 1007 1082 1144 1193 1231 1257 1273 1279
MKQ 1137 1120 1108 1099 1094 1092 1091 1092 1093 1095
EGQ 1139 1036 947 872 811 761 723 697 681 675
EXA 1495 1392 1303 1228 1167 1117 1079 1053 1037 1031
MMY 641 631 640 615 689 677 659 749 806 771
LNC 1309 1206 1117 1042 981 931 893 867 851 845
POU 224 131 198 163 235 239 149 151 118 167
EEP 90 106 118 127 132 135 135 134 133 131
OTB 850 747 658 583 522 472 434 408 392 386
SUW 1271 1168 1079 1004 943 893 855 829 813 807
VTP 973 1075 1164 1239 1301 1350 1388 1414 1430 1436
TBY 93 5 1 1 1 71 119 156 109 11
BXR 655 757 846 921 983 1032 1070 1096 1112 1118
IFW 79 95 107 116 121 124 124 123 122 120
NUS 60 76 88 97 102 105 105 104 103 101
AJW 962 1064 1153 1228 1290 1339 1377 1403 1419 1425
UFN 1194 1177 1165 1156 1151 1149 1148 1149 1150 1152
PLO 578 535 605 591 685 666 654 686 677 675
CXS 1423 1525 1614 1689 1751 1800 1838 1864 1880 1886
OXK 1182 1165 1153 1144 1139 1137 1136 1137 1138 1140
LUC 897 999 1088 1163 1225 1274 1312 1338 1354 1360
QMJ 50 66 78 87 92 95 95 94 93 91
BSB 875 901 942 985 938 965 958 974 1028 1067
HQX 1087 1189 1278 1353 1415 1464 1502 1528 1544 1550
APK 9 25 37 46 51 54 54 53 52 50
ZPJ 1151 1134 1122 1113 1108 1106 1105 1106 1107 1109
LRA 575 677 766 841 903 952 990 1016 1032 1038
RHY 1483 1380 1291 1216 1155 1105 1067 1041 1025 1019
NLJ 1470 1453 1441 1432 1427 1425 1424 1425 1426 1428
TKO 1141 1038 949 874 813 763 725 699 683 677
FLN 1038 1028 1020 1014 992 963 887 789 848 856
IVZ 1328 1225 1136 1061 1000 950 912 886 870 864
FYW 1332 1315 1303 1294 1289 1287 1286 1287 1288 1290
MAV 1002 1104 1193 1268 1330 1379 1417 1443 1459 1465
ICA 1307 1290 1278 1269 1264 1262 1261 1262 1263 1265
NBM 1267 1250 1238 1229 1224 1222 1221 1222 1223 1225
DTA 1437 1420 1408 1399 1394 1392 1391 1392 1393 1395
HJQ 904 801 712 637 576 526 488 462 446 440
OYS 1131 1114 1102 1093 1088 1086 1085 1086 1087 1089
WBW 1431 1328 1239 1164 1103 1053 1015 989 973 967
LYK 1260 1243 1231 1222 1217 1215 1214 1215 1216 1218
VGU 397 445 540 515 449 538 578 601 523 515
PMX 1033 930 841 766 705 655 617 591 575 569
DXN 1379 1481 1570 1645 1707 1756 1794 1820 1836 1842
AHG 1364 1261 1172 1097 1036 986 948 922 906 900
HYG 1002 899 810 735 674 624 586 560 544 538
ZCX 169 141 207 142 114 199 117 97 158 149
QQK 1066 1049 1037 1028 1023 1021 1020 1021 1022 1024
WNF 1032 1015 1003 994 989 987 986 987 988 990
NOL 830 727 638 563 502 452 414 388 372 366
AEZ 660 604 599 654 566 517 554 514 604 667
WGX 946 1027 1081 1131 1036 1045 1043 990 902 959
SLW 1336 1233 1144 1069 1008 958 920 894 878 872
ZPZ 59 75 87 96 101 104 104 103 102 100
JCI 1405 1507 1596 1671 1733 1782 1820 1846 1862 1868
WIV 1226 1123 1034 959 898 848 810 784 768 762
BQT 369 269 170 247 192 135 147 134 164 127
TXU 649 546 457 382 321 271 233 207 191 185
SQP 37 53 65 74 79 82 82 81 80 78
HVD 1090 987 898 823 762 712 674 648 632 626
AIE 758 747 695 776 739 762 798 755 827 797
MXB 26 42 54 63 68 71 71 70 69 67
AMK 1483 1380 1291 1216 1155 1105 1067 1041 1025 1019
FQG 1009 992 980 971 966 964 963 964 965 967
EXS 1388 1490 1579 1654 1716 1765 1803 1829 1845 1851
OAI 574 471 382 307 246 196 158 132 116 110
FFO 621 518 429 354 293 243 205 179 163 157
VQP 1007 904 815 740 679 629 591 565 549 543
ZDY 1435 1332 1243 1168 1107 1057 1019 993 977 971
NVK 920 948 873 875 782 852 825 879 886 835
XLL 1442 1425 1413 1404 1399 1397 1396 1397 1398 1400
CWX 361 408 466 471 532 553 454 393 355 308
SAF 1155 1138 1126 1117 1112 1110 1109 1110 1111 1113
ORZ 1216 1199 1187 1178 1173 1171 1170 1171 1172 1174
SWC 1370 1472 1561 1636 1698 1747 1785 1811 1827 1833
TST 1220 1203 1191 1182 1177 1175 1174 1175 1176 1178
NXZ 620 601 514 595 561 616 598 598 574 619
LYZ 768 870 959 1034 1096 1145 1183 1209 1225 1231
ELP 1330 1313 1301 1292 1287 1285 1284 1285 1286 1288
NKC 1050 1033 1021 1012 1007 1005 1004 1005 1006 1008
HKR 23 39 51 60 65 68 68 67 66 64
AAG 888 785 696 621 560 510 472 446 430 424
YFD 1031 996 935 950 881 900 999 1084 1170 1119
ZRZ 994 1096 1185 1260 1322 1371 1409 1435 1451 1457
AHP 1217 1114 1025 950 889 839 801 775 759 753
YHA 706 743 816 724 647 681 582 500 502 446
CFZ 50 66 78 87 92 95 95 94 93 91
XGN 68 84 96 105 110 113 113 112 111 109
CLO 528 516 476 542 554 483 390 352 334 273
SHA 30 46 58 67 72 75 75 74 73 71
OMO 505 402 313 238 177 127 89 63 47 41
DLO 1391 1374 1362 1353 1348 1346 1345 1346 1347 1349
CFH 1447 1430 1418 1409 1404 1402 1401 1402 1403 1405
NKQ 1440 1337 1248 1173 1112 1062 1024 998 982 976
GFQ 1372 1269 1180 1105 1044 994 956 930 914 908
HTC 565 462 373 298 237 187 149 123 107 101
BQE 1158 1055 966 891 830 780 742 716 700 694
NRE 509 600 660 751 723 702 766 798 777 801
FZE 507 404 315 240 179 129 91 65 49 43
NHK 1357 1340 1328 1319 1314 1312 1311 1312 1313 1315
EJZ 679 781 870 945 1007 1056 1094 1120 1136 1142
ZIW 1349 1246 1157 1082 1021 971 933 907 891 885
FBS 1128 1111 1099 1090 1085 1083 1082 1083 1084 1086
POV 1043 1145 1234 1309 1371 1420 1458 1484 1500 1506
UMN 1296 1279 1267 1258 1253 1251 1250 1251 1252 1254
XJE 20 36 48 57 62 65 65 64 63 61
HWC 600 497 408 333 272 222 184 158 142 136
PER 342 427 467 367 444 518 609 696 728 678
VOH 691 658 678 767 732 693 778 825 741 820
EEA 9 25 37 46 51 54 54 53 52 50
RHP 89 105 117 126 131 134 134 133 132 130
EGX 1253 1236 1224 1215 1210 1208 1207 1208 1209 1211
MJO 704 601 512 437 376 326 288 262 246 240
GPB 133 195 226 202 199 197 279 220 249 280
DYF 1392 1494 1583 1658 1720 1769 1807 1833 1849 1855
FRC 94 110 122 131 136 139 139 138 137 135
SPM 355 366 427 504 572 613 710 665 624 625
ZJP 150 126 101 93 78 34 1 22 57 1
PLG 52 68 80 89 94 97 97 96 95 93
TLW 1176 1159 1147 1138 1133 1131 1130 1131 1132 1134
TXP 1434 1417 1405 1396 1391 1389 1388 1389 1390 1392
ISC 1311 1413 1502 1577 1639 1688 1726 1752 1768 1774
EOK 1358 1460 1549 1624 1686 1735 1773 1799 1815 1821
CVJ 1374 1271 1182 1107 1046 996 958 932 916 910
OQR 132 181 109 73 105 26 94 170 214 273
HWD 1084 1067 1055 1046 1041 1039 1038 1039 1040 1042
CND 62 78 90 99 104 107 107 106 105 103
UCC 1 87 148 137 222 301 219 134 222 145
IWZ 1436 1333 1244 1169 1108 1058 1020 994 978 972
XFB 38 54 66 75 80 83 83 82 81 79
HJR 1450 1433 1421 1412 1407 1405 1404 1405 1406 1408
QXD 31 47 59 68 73 76 76 75 74 72
FZV 1146 1129 1117 1108 1103 1101 1100 1101 1102 1104
AKF 534 496 490 414 476 516 515 436 397 491
KWW 1012 1114 1203 1278 1340 1389 1427 1453 1469 1475
YYK 1011 1113 1202 1277 1339 1388 1426 1452 1468 1474
MJS 1469 1366 1277 1202 1141 1091 1053 1027 1011 1005
ZWV 1004 987 975 966 961 959 958 959 960 962
ZVE 1044 1012 1062 1035 1042 1106 1102 1054 970 1023
WLR 1161 1144 1132 1123 1118 1116 1115 1116 1117 1119
NTJ 838 807 754 739 749 844 762 673 766 724
AKT 1458 1560 1649 1724 1786 1835 1873 1899 1915 1921
VYA 71 87 99 108 113 116 116 115 114 112
IQZ 943 840 751 676 615 565 527 501 485 479
FJP 91 107 119 128 133 136 136 135 134 132
CJO 1033 1016 1004 995 990 988 987 988 989 991
XIV 1206 1189 1177 1168 1163 1161 1160 1161 1162 1164
BUL 108 44 1 53 126 166 205 221 259 348
JMA 388 454 525 437 503 435 372 392 444 421
GJC 41 57 69 78 83 86 86 85 84 82
YYH 975 872 783 708 647 597 559 533 517 511
UGZ 28 44 56 65 70 73 73 72 71 69
OPO 2 18 30 39 44 47 47 46 45 43
QRR 98 114 126 135 140 143 143 142 141 139
VLQ 1161 1058 969 894 833 783 745 719 703 697
FKT 887 877 804 723 633 634 663 650 600 690
CAM 59 75 87 96 101 104 104 103 102 100
PQI 1468 1365 1276 1201 1140 1090 1052 1026 1010 1004
DYZ 1183 1166 1154 1145 1140 1138 1137 1138 1139 1141
QVJ 1201 1098 1009 934 873 823 785 759 743 737
HJI 878 775 686 611 550 500 462 436 420 414
ULE 681 783 872 947 1009 1058 1096 1122 1138 1144
NCK 69 85 97 106 111 114 114 113 112 110
JIU 1450 1347 1258 1183 1122 1072 1034 1008 992 986
WFW 82 98 110 119 124 127 127 126 125 123
NTK 1079 1062 1050 1041 1036 1034 1033 1034 1035 1037
SMA 1193 1176 1164 1155 1150 1148 1147 1148 1149 1151
FDQ 1307 1290 1278 1269 1264 1262 1261 1262 1263 1265
MWB 18 34 46 55 60 63 63 62 61 59
AXI 1476 1373 1284 1209 1148 1098 1060 1034 1018 1012
KYK 35 51 63 72 77 80 80 79 78 76
ILG 533 430 341 266 205 155 117 91 75 69
MCK 593 695 784 859 921 970 1008 1034 1050 1056
BDZ 1480 1377 1288 1213 1152 1102 1064 1038 1022 1016
OWL 1004 987 975 966 961 959 958 959 960 962
HKV 1234 1131 1042 967 906 856 818 792 776 770
UGJ 20 36 48 57 62 65 65 64 63 61
AXO 1328 1311 1299 1290 1285 1283 1282 1283 1284 1286
AZQ 639 741 830 905 967 1016 1054 1080 1096 1102
WIG 1147 1249 1338 1413 1475 1524 1562 1588 1604 1610
EUN 136 173 129 228 170 202 258 326 297 321
SYE 746 775 694 786 707 723 697 703 761 751
ZIQ 779 797 698 728 681 776 698 753 714 686
JJF 1236 1338 1427 1502 1564 1613 1651 1677 1693 1699
SFD 808 754 811 732 802 879 917 823 752 778
AUK 1060 1043 1031 1022 1017 1015 1014 1015 1016 1018
NIN 1394 1377 1365 1356 1351 1349 1348 1349 1350 1352
DPF 602 651 716 764 803 728 682 666 765 797
EXM 1423 1406 1394 1385 1380 1378 1377 1378 1379 1381
HHO 1219 1202 1190 1181 1176 1174 1173 1174 1175 1177
VEP 1377 1274 1185 1110 1049 999 961 935 919 913
CBE 531 633 722 797 859 908 946 972 988 994
MXE 720 617 528 453 392 342 304 278 262 256
YNW 795 692 603 528 467 417 379 353 337 331
TQF 1135 1118 1106 1097 1092 1090 1089 1090 1091 1093
IDH 1217 1200 1188 1179 1174 1172 1171 1172 1173 1175
EGL 1451 1434 1422 1413 1408 1406 1405 1406 1407 1409
ANV 30 46 58 67 72 75 75 74 73 71
LLH 528 425 336 261 200 150 112 86 70 64
PEV 62 1 70 107 193 184 184 127 190 123
KYX 717 697 789 775 675 590 506 605 659 577
YUI 1494 1391 1302 1227 1166 1116 1078 1052 1036 1030
LJF 1272 1255 1243 1234 1229 1227 1226 1227 1228 1230
DQT 632 734 823 898 960 1009 1047 1073 1089 1095
NNI 49 65 77 86 91 94 94 93 92 90
KZF 649 584 638 597 555 599 596 663 600 589
IST 98 114 126 135 140 143 143 142 141 139
OXB 60 76 88 97 102 105 105 104 103 101
CTF 1056 1039 1027 1018 1013 1011 1010 1011 1012 1014
TIN 21 37 49 58 63 66 66 65 64 62
UCF 26 42 54 63 68 71 71 70 69 67
ZET 1109 1092 1080 1071 1066 1064 1063 1064 1065 1067
FXG 2 18 30 39 44 47 47 46 45 43
DAW 1172 1155 1143 1134 1129 1127 1126 1127 1128 1130
WQV 714 704 763 706 789 847 841 899 840 825
WYO 246 250 232 202 119 213 166 153 167 102
COC 1106 1208 1297 1372 1434 1483 1521 1547 1563 1569
ZWP 743 845 934 1009 1071 1120 1158 1184 1200 1206
MVA 1278 1175 1086 1011 950 900 862 836 820 814
ICO 972 869 780 705 644 594 556 530 514 508
FUZ 1483 1466 1454 1445 1440 1438 1437 1438 1439 1441
XKB 984 1086 1175 1250 1312 1361 1399 1425 1441 1447
BCW 1179 1162 1150 1141 1136 1134 1133 1134 1135 1137
JXS 60 76 88 97 102 105 105 104 103 101
EPA 1382 1484 1573 1648 1710 1759 1797 1823 1839 1845
NLC 1245 1228 1216 1207 1202 1200 1199 1200 1201 1203
MSI 1370 1353 1341 1332 1327 1325 1324 1325 1326 1328
YJL 1279 1262 1250 1241 1236 1234 1233 1234 1235 1237
DRM 431 365 325 228 136 205 165 243 244 216
DEO 22 38 50 59 64 67 67 66 65 63
OFZ 948 1050 1139 1214 1276 1325 1363 1389 1405 1411
PFP 623 578 485 399 434 447 537 565 573 650
LMH 1389 1286 1197 1122 1061 1011 973 947 931 925
PWP 5 21 33 42 47 50 50 49 48 46
AUT 1336 1438 1527 1602 1664 1713 1751 1777 1793 1799
OBY 96 112 124 133 138 141 141 140 139 137
IPS 1058 1160 1249 1324 1386 1435 1473 1499 1515 1521
VPJ 576 473 384 309 248 198 160 134 118 112
NBL 46 62 74 83 88 91 91 90 89 87
UBB 399 480 466 541 572 623 698 770 745 646
NLF 384 454 428 487 534 473 487 524 594 582
GSP 1121 1223 1312 1387 1449 1498 1536 1562 1578 1584
YUY 599 496 407 332 271 221 183 157 141 135
NWJ 1254 1237 1225 1216 1211 1209 1208 1209 1210 1212
NZX 633 530 441 366 305 255 217 191 175 169
RNQ 750 852 941 1016 1078 1127 1165 1191 1207 1213
DZY 62 78 90 99 104 107 107 106 105 103
GAS 254 227 263 269 235 206 141 74 38 1
FSC 82 98 110 119 124 127 127 126 125 123
RIN 549 651 740 815 877 926 964 990 1006 1012
VUE 1024 1007 995 986 981 979 978 979 980 982
DYY 1248 1145 1056 981 920 870 832 806 790 784
AMT 1210 1107 1018 943 882 832 794 768 752 746
FKD 465 469 537 439 415 336 340 427 461 457
HBD 1458 1441 1429 1420 1415 1413 1412 1413 1414 1416
BFY 52 68 80 89 94 97 97 96 95 93
KGQ 672 774 863 938 1000 1049 1087 1113 1129 1135
TJP 46 62 74 83 88 91 91 90 89 87
AQI 1091 1074 1062 1053 1048 1046 1045 1046 1047 1049
EUZ 1044 941 852 777 716 666 628 602 586 580
EIL 1048 1031 1019 1010 1005 1003 1002 1003 1004 1006
CUB 541 438 349 274 213 163 125 99 83 77
JWP 32 48 60 69 74 77 77 76 75 73
ZGK 784 886 975 1050 1112 1161 1199 1225 1241 1247
RNZ 1050 1033 1021 1012 1007 1005 1004 1005 1006 1008
YIX 977 874 785 710 649 599 561 535 519 513
KFT 40 56 68 77 82 85 85 84 83 81
DHI 12 28 40 49 54 57 57 56 55 53
NNQ 1021 1004 992 983 978 976 975 976 977 979
NKS 38 54 66 75 80 83 83 82 81 79
BTY 824 721 632 557 496 446 408 382 366 360
EER 1452 1435 1423 1414 1409 1407 1406 1407 1408 1410
PPU 844 946 1035 1110 1172 1221 1259 1285 1301 1307
ETN 192 254 234 181 122 156 143 61 1 13
HGM 1031 1014 1002 993 988 986 985 986 987 989
BSE 91 107 119 128 133 136 136 135 134 132
DEJ 884 825 857 852 798 709 707 648 717 725
STL 1066 1049 1037 1028 1023 1021 1020 1021 1022 1024
ACG 45 61 73 82 87 90 90 89 88 86
HUS 164 238 142 186 114 155 87 158 247 214
HBT 1019 1002 990 981 976 974 973 974 975 977
CEZ 1326 1223 1134 1059 998 948 910 884 868 862
SVL 80 96 108 117 122 125 125 124 123 121
ZVQ 803 905 994 1069 1131 1180 1218 1244 1260 1266
PQK 752 649 560 485 424 374 336 310 294 288
HOW 771 736 755 724 660 582 606 669 678 672
LQE 1048 945 856 781 720 670 632 606 590 584
XUV 1113 1096 1084 1075 1070 1068 1067 1068 1069 1071
DHK 90 106 118 127 132 135 135 134 133 131
ULF 14 30 42 51 56 59 59 58 57 55
TCV 1103 1086 1074 1065 1060 1058 1057 1058 1059 1061
HLS 1436 1333 1244 1169 1108 1058 1020 994 978 972
PTB 7 23 35 44 49 52 52 51 50 48
IJB 100 116 128 137 142 145 145 144 143 141
FGV 1466 1449 1437 1428 1423 1421 1420 1421 1422 1424
APL 23 39 51 60 65 68 68 67 66 64
GZK 1056 1039 1027 1018 1013 1011 1010 1011 1012 1014
EFU 100 116 128 137 142 145 145 144 143 141
OYL 94 110 122 131 136 139 139 138 137 135
WTT 931 828 739 664 603 553 515 489 473 467
KFY 541 492 508 455 396 301 306 264 246 306
LTC 1251 1148 1059 984 923 873 835 809 793 787
SPU 267 255 224 190 110 49 108 105 90 70
OBH 498 525 549 522 593 597 683 604 645 668
ZAG 970 1072 1161 1236 1298 1347 1385 1411 1427 1433
BVS 1242 1225 1213 1204 1199 1197 1196 1197 1198 1200
ZMU 650 547 458 383 322 272 234 208 192 186
KJE 1288 1271 1259 1250 1245 1243 1242 1243 1244 1246
YNE 566 463 374 299 238 188 150 124 108 102
KGL 1493 1476 1464 1455 1450 1448 1447 1448 1449 1451
GUW 1242 1225 1213 1204 1199 1197 1196 1197 1198 1200
XZB 761 729 729 634 613 704 749 761 817 783
KHI 1340 1237 1148 1073 1012 962 924 898 882 876
TMK 12 28 40 49 54 57 57 56 55 53
IKT 703 600 511 436 375 325 287 261 245 239
EOF 1426 1409 1397 1388 1383 1381 1380 1381 1382 1384
YKI 1192 1175 1163 1154 1149 1147 1146 1147 1148 1150
MPW 279 271 282 264 211 225 276 255 283 251
SOI 1113 1215 1304 1379 1441 1490 1528 1554 1570 1576
QWG 114 150 168 118 135 99 192 202 199 111
FMP 774 671 582 507 446 396 358 332 316 310
MOI 1464 1566 1655 1730 1792 1841 1879 1905 1921 1927
HBB 649 546 457 382 321 271 233 207 191 185
XTW 698 595 506 431 370 320 282 256 240 234
YII 984 881 792 717 656 606 568 542 526 520
HIS 1005 902 813 738 677 627 589 563 547 541
LWD 854 912 939 847 936 972 995 1049 1059 1003
HKK 1281 1264 1252 1243 1238 1236 1235 1236 1237 1239
JPT 888 785 696 621 560 510 472 446 430 424
OOZ 624 726 815 890 952 1001 1039 1065 1081 1087
WWU 813 748 794 695 729 722 798 828 733 823
NAL 16 32 44 53 58 61 61 60 59 57
LAC 656 553 464 389 328 278 240 214 198 192
ZNE 268 367 451 534 570 508 553 640 715 781
ZAA 99 115 127 136 141 144 144 143 142 140
ZTI 5 21 33 42 47 50 50 49 48 46
XKT 1118 1101 1089 1080 1075 1073 1072 1073 1074 1076
ENL 1338 1440 1529 1604 1666 1715 1753 1779 1795 1801
LCR 718 615 526 451 390 340 302 276 260 254
UPE 21 37 49 58 63 66 66 65 64 62
BWA 946 843 754 679 618 568 530 504 488 482
LWS 1236 1219 1207 1198 1193 1191 1190 1191 1192 1194
PJI 1245 1228 1216 1207 1202 1200 1199 1200 1201 1203
AUU 352 378 282 254 272 212 146 100 194 202
LDZ 79 95 107 116 121 124 124 123 122 120
FCD 1366 1349 1337 1328 1323 1321 1320 1321 1322 1324
GDP 853 955 1044 1119 1181 1230 1268 1294 1310 1316
DWN 63 79 91 100 105 108 108 107 106 104
NOO 136 170 164 224 292 275 327 348 268 275
HWI 1384 1367 1355 1346 1341 1339 1338 1339 1340 1342
DWO 573 630 611 648 699 666 628 590 569 528
VNT 1277 1260 1248 1239 1234 1232 1231 1232 1233 1235
ABV 58 74 86 95 100 103 103 102 101 99
JRM 1168 1270 1359 1434 1496 1545 1583 1609 1625 1631
RLO 1466 1449 1437 1428 1423 1421 1420 1421 1422 1424
NEG 79 95 107 116 121 124 124 123 122 120
EAW 1265 1367 1456 1531 1593 1642 1680 1706 1722 1728
KOB 310 260 226 154 240 236 295 203 104 49
QWB 80 96 108 117 122 125 125 124 123 121
DML 1207 1104 1015 940 879 829 791 765 749 743
AGQ 624 623 660 566 594 655 744 754 820 875
XUG 1134 1117 1105 1096 1091 1089 1088 1089 1090 1092
YAW 1083 980 891 816 755 705 667 641 625 619
YPB 1167 1269 1358 1433 1495 1544 1582 1608 1624 1630
KHT 986 950 909 970 985 964 1050 1100 1189 1213
FRJ 743 640 551 476 415 365 327 301 285 279
CKF 1347 1330 1318 1309 1304 1302 1301 1302 1303 1305
RMC 1209 1106 1017 942 881 831 793 767 751 745
NQP 779 859 926 928 1022 1026 990 981 964 968
XFP 757 859 948 1023 1085 1134 1172 1198 1214 1220
OCC 899 796 707 632 571 521 483 457 441 435
AJX 134 192 184 129 64 20 37 1 30 21
UQE 1137 1120 1108 1099 1094 1092 1091 1092 1093 1095
WGM 87 1 1 1 89 2 17 1 1 39
LMO 56 72 84 93 98 101 101 100 99 97
FLG 573 675 764 839 901 950 988 1014 1030 1036
UVI 624 726 815 890 952 1001 1039 1065 1081 1087
SYT 14 30 42 51 56 59 59 58 57 55
DGE 852 749 660 585 524 474 436 410 394 388
IOU 904 997 1077 1038 986 1015 936 987 1077 1025
LVH 495 458 435 357 279 355 262 212 275 322
NDR 532 429 340 265 204 154 116 90 74 68
XSB 1144 1041 952 877 816 766 728 702 686 680
OMX 14 30 42 51 56 59 59 58 57 55
IZH 1243 1345 1434 1509 1571 1620 1658 1684 1700 1706
SHL 98 114 126 135 140 143 143 142 141 139
ZAW 641 647 699 798 865 911 828 880 833 887
OBW 1453 1555 1644 1719 1781 1830 1868 1894 1910 1916
EDX 1479 1581 1670 1745 1807 1856 1894 1920 1936 1942
IEP 522 419 330 255 194 144 106 80 64 58
MRP 1036 1019 1007 998 993 991 990 991 992 994
MCM 496 516 466 566 591 647 671 586 504 475
XMB 1103 1205 1294 1369 1431 1480 1518 1544 1560 1566
ZWE 51 67 79 88 93 96 96 95 94 92
PKH 49 65 77 86 91 94 94 93 92 90
ECX 1352 1335 1323 1314 1309 1307 1306 1307 1308 1310
WAC 793 690 601 526 465 415 377 351 335 329
PUL 1361 1344 1332 1323 1318 1316 1315 1316 1317 1319
UYW 1075 1058 1046 1037 1032 1030 1029 1030 1031 1033
PNC 1063 960 871 796 735 685 647 621 605 599
MXP 40 56 68 77 82 85 85 84 83 81
AIU 1004 901 812 737 676 626 588 562 546 540
LRR 548 650 739 814 876 925 963 989 1005 1011
ZZN 718 615 526 451 390 340 302 276 260 254
XBJ 742 776 773 783 847 905 956 934 1029 1015
ZQG 572 674 763 838 900 949 987 1013 1029 1035
IIA 234 326 262 255 269 286 227 259 266 244
OYR 77 93 105 114 119 122 122 121 120 118
AXQ 647 544 455 380 319 269 231 205 189 183
HHD 1016 999 987 978 973 971 970 971 972 974
WIL 1399 1501 1590 1665 1727 1776 1814 1840 1856 1862
YBN 663 569 509 569 551 509 442 541 632 597
YOP 558 481 420 400 412 489 539 547 564 631
RQP 707 809 898 973 1035 1084 1122 1148 1164 1170
GGF 814 900 986 911 868 931 988 966 1050 1065
IZV 20 36 48 57 62 65 65 64 63 61
XDV 646 543 454 379 318 268 230 204 188 182
LEM 1 1 1 1 92 178 225 226 295 218
WFM 46 62 74 83 88 91 91 90 89 87
RGM 405 396 454 502 407 348 326 371 354 388
HNU 1349 1451 1540 1615 1677 1726 1764 1790 1806 1812
CYL 1448 1431 1419 1410 1405 1403 1402 1403 1404 1406
KSD 1055 1038 1026 1017 1012 1010 1009 1010 1011 1013
TQA 427 507 448 436 384 438 399 406 371 294
QCW 719 821 910 985 1047 1096 1134 1160 1176 1182
MTK 804 701 612 537 476 426 388 362 346 340
ZWD 1244 1227 1215 1206 1201 1199 1198 1199 1200 1202
YES 44 60 72 81 86 89 89 88 87 85
ANE 1438 1421 1409 1400 1395 1393 1392 1393 1394 1396
IEW 1044 1027 1015 1006 1001 999 998 999 1000 1002
JXV 510 407 318 243 182 132 94 68 52 46
HCM 1451 1348 1259 1184 1123 1073 1035 1009 993 987
DBA 1298 1281 1269 1260 1255 1253 1252 1253 1254 1256
OEQ 440 534 616 705 746 677 684 627 713 804
DFL 972 975 1030 971 892 868 822 773 683 637
UZR 1372 1355 1343 1334 1329 1327 1326 1327 1328 1330
TOM 18 34 46 55 60 63 63 62 61 59
KZQ 1241 1138 1049 974 913 863 825 799 783 777
UQD 639 536 447 372 311 261 223 197 181 175
CFK 1138 1121 1109 1100 1095 1093 1092 1093 1094 1096
NZG 70 86 98 107 112 115 115 114 113 111
EAH 764 661 572 497 436 386 348 322 306 300
GRX 782 884 973 1048 1110 1159 1197 1223 1239 1245
GDT 1320 1217 1128 1053 992 942 904 878 862 856
XAP 1048 1031 1019 1010 1005 1003 1002 1003 1004 1006
XOI 794 873 785 768 836 826 892 917 1005 991
ECV 18 34 46 55 60 63 63 62 61 59
TZK 731 684 633 710 610 657 562 655 687 734
HBU 1216 1113 1024 949 888 838 800 774 758 752
FJT 1129 1026 937 862 801 751 713 687 671 665
XUD 1047 1030 1018 1009 1004 1002 1001 1002 1003 1005
QLZ 1218 1320 1409 1484 1546 1595 1633 1659 1675 1681
VCI 1269 1166 1077 1002 941 891 853 827 811 805
GDV 1071 1054 1042 1033 1028 1026 1025 1026 1027 1029
LTY 1356 1253 1164 1089 1028 978 940 914 898 892
SGM 1035 932 843 768 707 657 619 593 577 571
RJZ 1416 1399 1387 1378 1373 1371 1370 1371 1372 1374
RAY 1003 919 1001 929 964 899 888 984 969 1021
TAU 980 877 788 713 652 602 564 538 522 516
ZQD 86 102 114 123 128 131 131 130 129 127
UTF 537 547 544 500 527 509 563 645 556 572
BGO 25 41 53 62 67 70 70 69 68 66
VQW 71 149 237 249 253 194 292 292 370 412
QAB 562 664 753 828 890 939 977 1003 1019 1025
QTZ 11 27 39 48 53 56 56 55 54 52
WBU 1141 1124 1112 1103 1098 1096 1095 1096 1097 1099
HOA 204 250 197 178 263 241 231 228 189 272
RLE 1071 1054 1042 1033 1028 1026 1025 1026 1027 1029
CFL 1154 1256 1345 1420 1482 1531 1569 1595 1611 1617
OVB 1285 1182 1093 1018 957 907 869 843 827 821
CXK 955 852 763 688 627 577 539 513 497 491
RIR 1038 1140 1229 1304 1366 1415 1453 1479 1495 1501
JXK 1028 1011 999 990 985 983 982 983 984 986
NSR 1415 1398 1386 1377 1372 1370 1369 1370 1371 1373
JDI 1171 1273 1362 1437 1499 1548 1586 1612 1628 1634
CYQ 60 76 88 97 102 105 105 104 103 101
YWG 1300 1283 1271 1262 1257 1255 1254 1255 1256 1258
MFF 1287 1270 1258 1249 1244 1242 1241 1242 1243 1245
YLP 45 61 73 82 87 90 90 89 88 86
DAG 1066 963 874 799 738 688 650 624 608 602
LAJ 1441 1424 1412 1403 1398 1396 1395 1396 1397 1399
XOT 1388 1371 1359 1350 1345 1343 1342 1343 1344 1346
DTE 47 63 75 84 89 92 92 91 90 88
MNM 1137 1034 945 870 809 759 721 695 679 673
HHR 644 746 835 910 972 1021 1059 1085 1101 1107
IRW 1169 1066 977 902 841 791 753 727 711 705
WFY 1066 1049 1037 1028 1023 1021 1020 1021 1022 1024
XLR 1079 1062 1050 1041 1036 1034 1033 1034 1035 1037
XEU 72 88 100 109 114 117 117 116 115 113
YIJ 1065 1048 1036 1027 1022 1020 1019 1020 1021 1023
MEM 1219 1321 1410 1485 1547 1596 1634 1660 1676 1682
YBD 22 38 50 59 64 67 67 66 65 63
INQ 1368 1265 1176 1101 1040 990 952 926 910 904
CRZ 1345 1447 1536 1611 1673 1722 1760 1786 1802 1808
DEV 152 120 53 32 13 9 109 155 225 152
YGE 1072 969 880 805 744 694 656 630 614 608
OSQ 1001 898 809 734 673 623 585 559 543 537
ZKC 1478 1461 1449 1440 1435 1433 1432 1433 1434 1436
QYC 938 991 956 1055 1125 1089 1027 1040 1066 1063
SZN 53 69 81 90 95 98 98 97 96 94
RJH 77 93 105 114 119 122 122 121 120 118
FGW 1372 1474 1563 1638 1700 1749 1787 1813 1829 1835
DQF 826 884 828 852 935 1010 1001 1029 934 966
DBE 925 1022 1099 1178 1158 1105 1173 1108 1172 1192
OLO 36 52 64 73 78 81 81 80 79 77
IKR 37 53 65 74 79 82 82 81 80 78
GJU 1213 1110 1021 946 885 835 797 771 755 749
JQQ 533 635 724 799 861 910 948 974 990 996
MQK 883 780 691 616 555 505 467 441 425 419
ERL 1286 1269 1257 1248 1243 1241 1240 1241 1242 1244
NGB 1245 1228 1216 1207 1202 1200 1199 1200 1201 1203
BLX 1393 1376 1364 1355 1350 1348 1347 1348 1349 1351
RTZ 511 466 428 407 487 488 525 494 436 416
XXE 564 461 372 297 236 186 148 122 106 100
YZN 1029 1012 1000 991 986 984 983 984 985 987
THM 1274 1257 1245 1236 1231 1229 1228 1229 1230 1232
ZRN 875 856 866 965 956 904 997 969 1051 986
ULZ 744 823 912 952 998 1052 1150 1248 1296 1351
IRC 43 59 71 80 85 88 88 87 86 84
YXB 888 990 1079 1154 1216 1265 1303 1329 1345 1351
NQD 391 459 476 574 548 554 554 610 604 514
LRV 648 636 734 753 771 693 671 573 617 583
BTQ 1250 1233 1221 1212 1207 1205 1204 1205 1206 1208
FVD 1132 1234 1323 1398 1460 1509 1547 1573 1589 1595
QJS 1384 1486 1575 1650 1712 1761 1799 1825 1841 1847
DFP 705 807 896 971 1033 1082 1120 1146 1162 1168
NSF 464 430 425 504 577 480 509 428 520 530
PGS 1032 1015 1003 994 989 987 986 987 988 990
NDP 1432 1534 1623 1698 1760 1809 1847 1873 1889 1895
SFR 63 79 91 100 105 108 108 107 106 104
QGR 1407 1390 1378 1369 1364 1362 1361 1362 1363 1365
PWM 1152 1135 1123 1114 1109 1107 1106 1107 1108 1110
DYJ 1133 1030 941 866 805 755 717 691 675 669
VDO 549 446 357 282 221 171 133 107 91 85
FKS 13 29 41 50 55 58 58 57 56 54
YEM 53 69 81 90 95 98 98 97 96 94
GBZ 917 1019 1108 1183 1245 1294 1332 1358 1374 1380
PBJ 309 209 164 109 186 168 198 298 280 301
GUP 1030 1013 1001 992 987 985 984 985 986 988
URM 1379 1362 1350 1341 1336 1334 1333 1334 1335 1337
LQP 46 62 74 83 88 91 91 90 89 87
EHZ 1310 1293 1281 1272 1267 1265 1264 1265 1266 1268
KAH 1145 1128 1116 1107 1102 1100 1099 1100 1101 1103
ATK 30 46 58 67 72 75 75 74 73 71
ZVP 1334 1317 1305 1296 1291 1289 1288 1289 1290 1292
TWZ 26 42 54 63 68 71 71 70 69 67
QIC 22 38 50 59 64 67 67 66 65 63
EZV 237 261 252 253 336 397 411 455 419 475
SYJ 46 62 74 83 88 91 91 90 89 87
HEA 319 314 392 302 272 281 381 424 428 449
TFY 561 458 369 294 233 183 145 119 103 97
PKC 503 467 445 497 457 418 406 377 434 524
EXD 1251 1148 1059 984 923 873 835 809 793 787
SPC 1355 1252 1163 1088 1027 977 939 913 897 891
PAY 785 887 976 1051 1113 1162 1200 1226 1242 1248
WGT 1083 1066 1054 1045 1040 1038 1037 1038 1039 1041
OCF 55 71 83 92 97 100 100 99 98 96
CAU 1265 1162 1073 998 937 887 849 823 807 801
SCZ 261 229 279 232 145 226 289 386 364 433
TWX 588 690 779 854 916 965 1003 1029 1045 1051
PWT 649 632 617 586 490 534 452 412 457 454
KHU 947 975 1042 1118 1210 1214 1138 1149 1181 1264
WGS 1071 1054 1042 1033 1028 1026 1025 1026 1027 1029
TDD 1221 1118 1029 954 893 843 805 779 763 757
XDU 1160 1057 968 893 832 782 744 718 702 696
MFC 751 671 747 716 721 755 695 730 648 604
PTR 787 684 595 520 459 409 371 345 329 323
FOD 842 944 1033 1108 1170 1219 1257 1283 1299 1305
BPL 1337 1320 1308 1299 1294 1292 1291 1292 1293 1295
MXM 1 1 77 7 1 25 1 1 60 159
JOO 1479 1462 1450 1441 1436 1434 1433 1434 1435 1437
KJG 1200 1097 1008 933 872 822 784 758 742 736
AUB 40 56 68 77 82 85 85 84 83 81
QOG 438 505 433 356 267 356 380 424 372 471
NIK 834 800 852 806 843 931 919 954 968 1033
HSQ 1420 1403 1391 1382 1377 1375 1374 1375 1376 1378
OLD 1248 1231 1219 1210 1205 1203 1202 1203 1204 1206
OMK 1377 1360 1348 1339 1334 1332 1331 1332 1333 1335
DNG 1491 1593 1682 1757 1819 1868 1906 1932 1948 1954
DID 1275 1172 1083 1008 947 897 859 833 817 811
VOB 1330 1227 1138 1063 1002 952 914 888 872 866
QGM 1157 1140 1128 1119 1114 1112 1111 1112 1113 1115
MZH 647 696 630 712 637 701 726 766 752 810
KOP 1488 1590 1679 1754 1816 1865 1903 1929 1945 1951
SIC 1422 1405 1393 1384 1379 1377 1376 1377 1378 1380
TMM 1486 1588 1677 1752 1814 1863 1901 1927 1943 1949
LDJ 58 74 86 95 100 103 103 102 101 99
CQZ 773 670 581 506 445 395 357 331 315 309
ADI 53 69 81 90 95 98 98 97 96 94
CXB 1183 1080 991 916 855 805 767 741 725 719
LHR 26 42 54 63 68 71 71 70 69 67
DIW 1198 1095 1006 931 870 820 782 756 740 734
MQD 802 699 610 535 474 424 386 360 344 338
DTB 1462 1359 1270 1195 1134 1084 1046 1020 1004 998
EBF 1280 1263 1251 1242 1237 1235 1234 1235 1236 1238
GHC 33 49 61 70 75 78 78 77 76 74
XUI 944 841 752 677 616 566 528 502 486 480
CMY 831 890 962 943 904 805 850 763 859 954
BAA 691 793 882 957 1019 1068 1106 1132 1148 1154
AZY 37 95 150 106 55 152 84 1 1 1
SEV 755 652 563 488 427 377 339 313 297 291
SMI 462 545 453 389 464 367 420 405 458 402
XCZ 1056 987 1016 940 901 941 923 826 768 677
VPS 638 740 829 904 966 1015 1053 1079 1095 1101
ESU 484 449 364 312 230 227 282 184 213 169
SWB 850 952 1041 1116 1178 1227 1265 1291 1307 1313
KYT 1397 1499 1588 1663 1725 1774 1812 1838 1854 1860
YQI 1075 1058 1046 1037 1032 1030 1029 1030 1031 1033
ADV 1391 1288 1199 1124 1063 1013 975 949 933 927
OYV 760 657 568 493 432 382 344 318 302 296
JAZ 695 592 503 428 367 317 279 253 237 231
TBM 1291 1274 1262 1253 1248 1246 1245 1246 1247 1249
TSS 606 503 414 339 278 228 190 164 148 142
YWK 782 872 930 970 917 908 938 981 938 1016
FCL 788 685 596 521 460 410 372 346 330 324
QYI 681 578 489 414 353 303 265 239 223 217
FIU 859 961 1050 1125 1187 1236 1274 1300 1316 1322
XAA 700 614 636 550 569 496 508 498 412 488
FED 1279 1262 1250 1241 1236 1234 1233 1234 1235 1237
CMB 58 74 86 95 100 103 103 102 101 99
KAX 856 958 1047 1122 1184 1233 1271 1297 1313 1319
NFN 1482 1465 1453 1444 1439 1437 1436 1437 1438 1440
UHW 1311 1208 1119 1044 983 933 895 869 853 847
JZO 1072 1055 1043 1034 1029 1027 1026 1027 1028 1030
UUH 8 24 36 45 50 53 53 52 51 49
DRD 28 69 88 122 98 193 155 195 108 96
ODC 78 94 106 115 120 123 123 122 121 119
RMI 1408 1391 1379 1370 1365 1363 1362 1363 1364 1366
DNT 761 658 569 494 433 383 345 319 303 297
QTR 69 85 97 106 111 114 114 113 112 110
ZBI 1052 1035 1023 1014 1009 1007 1006 1007 1008 1010
XKH 1165 1148 1136 1127 1122 1120 1119 1120 1121 1123
CRR 548 445 356 281 220 170 132 106 90 84
NQN 73 89 101 110 115 118 118 117 116 114
VBX 31 47 59 68 73 76 76 75 74 72
HHS 1432 1534 1623 1698 1760 1809 1847 1873 1889 1895
MRS 946 843 754 679 618 568 530 504 488 482
YCJ 398 436 398 400 453 552 472 532 580 511
VAL 676 647 599 516 489 447 458 450 385 327
PWY 1178 1161 1149 1140 1135 1133 1132 1133 1134 1136
LNX 1423 1320 1231 1156 1095 1045 1007 981 965 959
DNL 1003 986 974 965 960 958 957 958 959 961
GQN 1016 1118 1207 1282 1344 1393 1431 1457 1473 1479
ZPQ 410 463 455 374 374 334 356 393 400 412
JRK 1123 1020 931 856 795 745 707 681 665 659
JRP 772 701 759 792 737 657 632 680 774 770
PDR 83 99 111 120 125 128 128 127 126 124
IYY 1421 1523 1612 1687 1749 1798 1836 1862 1878 1884
FQO 1217 1319 1408 1483 1545 1594 1632 1658 1674 1680
SCV 1081 1183 1272 1347 1409 1458 1496 1522 1538 1544
LGK 1346 1448 1537 1612 1674 1723 1761 1787 1803 1809
IGC 620 722 811 886 948 997 1035 1061 1077 1083
SFX 26 42 54 63 68 71 71 70 69 67
HST 836 938 1027 1102 1164 1213 1251 1277 1293 1299
LBT 1499 1396 1307 1232 1171 1121 1083 1057 1041 1035
CVL 59 1 1 11 1 1 45 111 14 1
LFS 708 684 679 611 545 472 469 413 367 462
RNT 1061 1163 1252 1327 1389 1438 1476 1502 1518 1524
EQE 1114 1097 1085 1076 1071 1069 1068 1069 1070 1072
CLR 608 505 416 341 280 230 192 166 150 144
LVN 1351 1334 1322 1313 1308 1306 1305 1306 1307 1309
LGW 1340 1442 1531 1606 1668 1717 1755 1781 1797 1803
HLY 88 104 116 125 130 133 133 132 131 129
GVZ 1336 1319 1307 1298 1293 1291 1290 1291 1292 1294
MFS 1018 1001 989 980 975 973 972 973 974 976
DJR 13 29 41 50 55 58 58 57 56 54
PSS 1091 1074 1062 1053 1048 1046 1045 1046 1047 1049
KUY 1044 941 852 777 716 666 628 602 586 580
FSN 699 596 507 432 371 321 283 257 241 235
QKO 93 109 121 130 135 138 138 137 136 134
IAV 590 692 781 856 918 967 1005 1031 1047 1053
TCU 871 808 864 773 805 751 805 736 650 734
ABB 1408 1305 1216 1141 1080 1030 992 966 950 944
WPD 892 789 700 625 564 514 476 450 434 428
BJH 26 42 54 63 68 71 71 70 69 67
GTH 8 24 36 45 50 53 53 52 51 49
IHF 1340 1323 1311 1302 1297 1295 1294 1295 1296 1298
RNW 849 746 657 582 521 471 433 407 391 385
QLG 1305 1407 1496 1571 1633 1682 1720 1746 1762 1768
CSE 56 72 84 93 98 101 101 100 99 97
TED 587 545 595 668 656 569 655 611 580 633
ACA 36 52 64 73 78 81 81 80 79 77
DBO 1382 1279 1190 1115 1054 1004 966 940 924 918
OFJ 1210 1312 1401 1476 1538 1587 1625 1651 1667 1673
NGH 52 68 80 89 94 97 97 96 95 93
PNT 577 474 385 310 249 199 161 135 119 113
AEQ 1161 1144 1132 1123 1118 1116 1115 1116 1117 1119
ONV 1314 1297 1285 1276 1271 1269 1268 1269 1270 1272
QZD 1194 1177 1165 1156 1151 1149 1148 1149 1150 1152
PHZ 1294 1191 1102 1027 966 916 878 852 836 830
NQA 1392 1289 1200 1125 1064 1014 976 950 934 928
ZJD 1221 1204 1192 1183 1178 1176 1175 1176 1177 1179
AMP 87 103 115 124 129 132 132 131 130 128
CDE 1474 1371 1282 1207 1146 1096 1058 1032 1016 1010
GQV 658 555 466 391 330 280 242 216 200 194
TAZ 1191 1174 1162 1153 1148 1146 1145 1146 1147 1149
LSH 44 60 72 81 86 89 89 88 87 85
NRK 61 77 89 98 103 106 106 105 104 102
MBV 1236 1219 1207 1198 1193 1191 1190 1191 1192 1194
BBK 996 893 804 729 668 618 580 554 538 532
VZS 1100 1083 1071 1062 1057 1055 1054 1055 1056 1058
GKE 1250 1352 1441 1516 1578 1627 1665 1691 1707 1713
MGN 645 747 836 911 973 1022 1060 1086 1102 1108
ILI 1243 1140 1051 976 915 865 827 801 785 779
KKJ 83 99 111 120 125 128 128 127 126 124
GLG 1427 1324 1235 1160 1099 1049 1011 985 969 963
VLI 10 26 38 47 52 55 55 54 53 51
CEX 1174 1071 982 907 846 796 758 732 716 710
RVS 1268 1251 1239 1230 1225 1223 1222 1223 1224 1226
PPD 683 580 491 416 355 305 267 241 225 219
THJ 550 475 469 541 540 571 576 670 720 818
AXA 1302 1199 1110 1035 974 924 886 860 844 838
TGZ 1459 1561 1650 1725 1787 1836 1874 1900 1916 1922
ZHO 1490 1592 1681 1756 1818 1867 1905 1931 1947 1953
NXJ 599 701 790 865 927 976 1014 1040 1056 1062
LOC 1215 1198 1186 1177 1172 1170 1169 1170 1171 1173
VOD 1116 1099 1087 1078 1073 1071 1070 1071 1072 1074
QOY 25 41 53 62 67 70 70 69 68 66
KJP 1004 1106 1195 1270 1332 1381 1419 1445 1461 1467
WIH 26 42 54 63 68 71 71 70 69 67
IOW 1334 1317 1305 1296 1291 1289 1288 1289 1290 1292
OJT 51 67 79 88 93 96 96 95 94 92
YCD 739 803 752 779 754 829 872 893 795 851
IGW 1368 1351 1339 1330 1325 1323 1322 1323 1324 1326
NLV 1160 1262 1351 1426 1488 1537 1575 1601 1617 1623
JMC 1394 1377 1365 1356 1351 1349 1348 1349 1350 1352
PIO 885 919 833 872 773 819 787 881 924 867
OGM 25 44 1 40 102 140 156 132 115 199
LKQ 33 49 61 70 75 78 78 77 76 74
ZHU 73 89 101 110 115 118 118 117 116 114
ZHE 919 816 727 652 591 541 503 477 461 455
WOJ 389 304 224 189 182 184 108 115 172 181
GYZ 1014 997 985 976 971 969 968 969 970 972
LHA 408 415 377 473 492 591 647 658 681 717
DGZ 1178 1161 1149 1140 1135 1133 1132 1133 1134 1136
JAA 770 872 961 1036 1098 1147 1185 1211 1227 1233
RUO 1424 1407 1395 1386 1381 1379 1378 1379 1380 1382
YTO 517 608 696 714 776 804 814 759 850 809
MRC 20 36 48 57 62 65 65 64 63 61
ICT 1083 1185 1274 1349 1411 1460 1498 1524 1540 1546
MJU 11 27 39 48 53 56 56 55 54 52
GRG 703 805 894 969 1031 1080 1118 1144 1160 1166
QQL 10 26 38 47 52 55 55 54 53 51
KLM 1346 1243 1154 1079 1018 968 930 904 888 882
URS 917 1019 1108 1183 1245 1294 1332 1358 1374 1380
MSA 1072 1055 1043 1034 1029 1027 1026 1027 1028 1030
FMM 191 253 177 82 104 87 123 31 123 32
QLU 1465 1448 1436 1427 1422 1420 1419 1420 1421 1423
QSE 64 80 92 101 106 109 109 108 107 105
EOI 723 620 531 456 395 345 307 281 265 259
DNR 1021 1004 992 983 978 976 975 976 977 979
KCS 1012 1114 1203 1278 1340 1389 1427 1453 1469 1475
AQL 814 711 622 547 486 436 398 372 356 350
NEC 1019 916 827 752 691 641 603 577 561 555
JHW 1148 1131 1119 1110 1105 1103 1102 1103 1104 1106
LBN 42 58 70 79 84 87 87 86 85 83
WTP 1278 1261 1249 1240 1235 1233 1232 1233 1234 1236
ARI 1391 1374 1362 1353 1348 1346 1345 1346 1347 1349
ZNP 1007 1109 1198 1273 1335 1384 1422 1448 1464 1470
HLI 96 112 124 133 138 141 141 140 139 137
IPB 1279 1262 1250 1241 1236 1234 1233 1234 1235 1237
XXC 484 467 402 385 416 378 400 376 384 351
LSK 54 70 82 91 96 99 99 98 97 95
KLR 1088 1190 1279 1354 1416 1465 1503 1529 1545 1551
IXM 1090 987 898 823 762 712 674 648 632 626
JTV 57 73 85 94 99 102 102 101 100 98
WJG 1252 1235 1223 1214 1209 1207 1206 1207 1208 1210
EJK 846 948 1037 1112 1174 1223 1261 1287 1303 1309
SAN 85 101 113 122 127 130 130 129 128 126
GZR 917 814 725 650 589 539 501 475 459 453
SDK 1477 1460 1448 1439 1434 1432 1431 1432 1433 1435
ICU 1363 1260 1171 1096 1035 985 947 921 905 899
ASD 831 728 639 564 503 453 415 389 373 367
EAA 1364 1347 1335 1326 1321 1319 1318 1319 1320 1322
FKR 369 284 279 329 299 375 343 424 435 524
XFN 88 104 116 125 130 133 133 132 131 129
GTN 1264 1247 1235 1226 1221 1219 1218 1219 1220 1222
NAA 1165 1267 1356 1431 1493 1542 1580 1606 1622 1628
YHT 1080 1063 1051 1042 1037 1035 1034 1035 1036 1038
QMM 527 424 335 260 199 149 111 85 69 63
CMA 832 729 640 565 504 454 416 390 374 368
XBT 937 1039 1128 1203 1265 1314 1352 1378 1394 1400
UKG 1400 1297 1208 1133 1072 1022 984 958 942 936
STZ 760 657 568 493 432 382 344 318 302 296
FZN 972 869 780 705 644 594 556 530 514 508
NGA 1279 1262 1250 1241 1236 1234 1233 1234 1235 1237
REP 906 803 714 639 578 528 490 464 448 442
LXH 97 113 125 134 139 142 142 141 140 138
BSM 1387 1370 1358 1349 1344 1342 1341 1342 1343 1345
JAY 1358 1460 1549 1624 1686 1735 1773 1799 1815 1821
WST 67 83 95 104 109 112 112 111 110 108
LLB 1 28 1 23 103 186 144 240 303 371
VMZ 1166 1149 1137 1128 1123 1121 1120 1121 1122 1124
DDZ 1258 1360 1449 1524 1586 1635 1673 1699 1715 1721
GAC 1068 1170 1259 1334 1396 1445 1483 1509 1525 1531
DIH 784 810 897 933 1029 1073 1029 1060 1116 1162
MCU 51 1 1 75 132 52 137 60 14 101
NLH 664 561 472 397 336 286 248 222 206 200
EUK 549 527 435 339 282 202 160 151 199 126
EOG 28 44 56 65 70 73 73 72 71 69
IPX 1449 1432 1420 1411 1406 1404 1403 1404 1405 1407
RJI 1275 1377 1466 1541 1603 1652 1690 1716 1732 1738
AQF 1173 1156 1144 1135 1130 1128 1127 1128 1129 1131
XKG 843 740 651 576 515 465 427 401 385 379
AXE 1062 959 870 795 734 684 646 620 604 598
SYR 10 26 38 47 52 55 55 54 53 51
WUC 789 686 597 522 461 411 373 347 331 325
ACU 1176 1073 984 909 848 798 760 734 718 712
NVU 839 736 647 572 511 461 423 397 381 375
CJA 74 90 102 111 116 119 119 118 117 115
WHS 89 105 117 126 131 134 134 133 132 130
OBS 1063 960 871 796 735 685 647 621 605 599
PNF 58 74 86 95 100 103 103 102 101 99
WPM 11 27 39 48 53 56 56 55 54 52
FTV 1325 1222 1133 1058 997 947 909 883 867 861
HHN 1 17 29 38 43 46 46 45 44 42
AKM 1317 1419 1508 1583 1645 1694 1732 1758 1774 1780
ZTH 3 19 31 40 45 48 48 47 46 44
XJJ 1262 1245 1233 1224 1219 1217 1216 1217 1218 1220
VNP 1080 1063 1051 1042 1037 1035 1034 1035 1036 1038
GLO 91 107 119 128 133 136 136 135 134 132
RXR 197 255 236 147 133 146 61 13 85 61
OCK 553 450 361 286 225 175 137 111 95 89
CPM 1035 1018 1006 997 992 990 989 990 991 993
NKX 870 866 914 890 810 875 858 896 950 954
ZCD 99 115 127 136 141 144 144 143 142 140
VIN 24 40 52 61 66 69 69 68 67 65
FFK 42 58 70 79 84 87 87 86 85 83
EWY 1489 1591 1680 1755 1817 1866 1904 1930 1946 1952
QEI 87 135 171 106 34 35 125 124 194 221
KWP 1217 1114 1025 950 889 839 801 775 759 753
EOY 1008 991 979 970 965 963 962 963 964 966
IRV 31 47 59 68 73 76 76 75 74 72
AYU 796 879 886 929 1027 1104 1120 1209 1302 1287
MAZ 694 796 885 960 1022 1071 1109 1135 1151 1157
RBA 892 789 700 625 564 514 476 450 434 428
RKP 1145 1042 953 878 817 767 729 703 687 681
IQL 73 89 101 110 115 118 118 117 116 114
CKH 40 56 68 77 82 85 85 84 83 81
DUV 127 53 149 95 116 98 182 190 264 261
NVQ 96 112 124 133 138 141 141 140 139 137
MMP 1343 1326 1314 1305 1300 1298 1297 1298 1299 1301
THI 696 798 887 962 1024 1073 1111 1137 1153 1159
XIG 1280 1382 1471 1546 1608 1657 1695 1721 1737 1743
QOH 981 878 789 714 653 603 565 539 523 517
DSN 36 52 64 73 78 81 81 80 79 77
LMI 897 985 1032 954 995 1003 1083 1066 1072 1010
OEJ 1257 1154 1065 990 929 879 841 815 799 793
KBQ 1436 1419 1407 1398 1393 1391 1390 1391 1392 1394
SKT 1382 1365 1353 1344 1339 1337 1336 1337 1338 1340
MHE 1151 1134 1122 1113 1108 1106 1105 1106 1107 1109
IRR 1307 1204 1115 1040 979 929 891 865 849 843
APE 935 832 743 668 607 557 519 493 477 471
JID 142 235 150 141 149 68 134 121 185 149
NDE 1033 1016 1004 995 990 988 987 988 989 991
OOH 857 896 808 868 960 955 1017 1030 1062 1003
NDS 1105 1088 1076 1067 1062 1060 1059 1060 1061 1063
WYC 1099 996 907 832 771 721 683 657 641 635
TYL 1137 1120 1108 1099 1094 1092 1091 1092 1093 1095
ZIC 1180 1282 1371 1446 1508 1557 1595 1621 1637 1643
IQX 1249 1351 1440 1515 1577 1626 1664 1690 1706 1712
JRD 1020 1003 991 982 977 975 974 975 976 978
UWV 46 62 74 83 88 91 91 90 89 87
ZGP 1484 1467 1455 1446 1441 1439 1438 1439 1440 1442
SNU 1166 1149 1137 1128 1123 1121 1120 1121 1122 1124
CEQ 1419 1402 1390 1381 1376 1374 1373 1374 1375 1377
MDG 1177 1160 1148 1139 1134 1132 1131 1132 1133 1135
TIT 47 63 75 84 89 92 92 91 90 88
CIF 44 60 72 81 86 89 89 88 87 85
SEU 696 798 887 962 1024 1073 1111 1137 1153 1159
WZW 20 36 48 57 62 65 65 64 63 61
ZXX 96 112 124 133 138 141 141 140 139 137
IQJ 1194 1296 1385 1460 1522 1571 1609 1635 1651 1657
FZJ 1256 1153 1064 989 928 878 840 814 798 792
VSR 1 45 91 29 18 61 1 34 57 1
OTH 70 134 84 109 170 135 98 197 121 76
NUY 58 74 86 95 100 103 103 102 101 99
GUN 1453 1350 1261 1186 1125 1075 1037 1011 995 989
EKD 15 31 43 52 57 60 60 59 58 56
QHH 81 97 109 118 123 126 126 125 124 122
YRM 1030 1013 1001 992 987 985 984 985 986 988
QJZ 265 260 279 222 178 163 182 238 188 176
QTO 554 656 745 820 882 931 969 995 1011 1017
KGI 1228 1211 1199 1190 1185 1183 1182 1183 1184 1186
GPH 92 50 126 45 52 89 13 21 1 78
RCY 333 291 244 215 119 195 265 344 339 276
CHC 1467 1569 1658 1733 1795 1844 1882 1908 1924 1930
MNK 699 801 890 965 1027 1076 1114 1140 1156 1162
SUQ 1451 1434 1422 1413 1408 1406 1405 1406 1407 1409
SAB 1041 1024 1012 1003 998 996 995 996 997 999
AIW 710 812 901 976 1038 1087 1125 1151 1167 1173